"","V1","V2","V3","V4"
"1",1,9.55121204137306e-30,7.85543794116058e-28,1.57109438522793e-30
"2",9.55121204137306e-30,1,0.161585978575321,0.101766560622078
"3",7.85543794116058e-28,0.161585978575321,1,0.985885952373021
"4",1.57109438522793e-30,0.101766560622078,0.985885952373021,1
"5",0,0,0,0
"6",3.6835768810195e-18,0.845972222222222,0.816597222222222,0.857638888888889
"7",-0.845972222222222,1.94885340504269e-18,0.104513888888889,0.122152777777778
"8",-0.816597222222222,-0.104513888888889,6.3037321311928e-18,0.00138888888888888
"9",-0.857638888888889,-0.122152777777778,-0.00138888888888888,-7.74933502784014e-18
