"","V1","V2","V3","V4"
"1",1,7.86346556652678e-33,7.79156017591245e-35,1.22599940057516e-37
"2",7.86346556652678e-33,1,3.24565396840349e-10,2.59514831881294e-05
"3",7.79156017591245e-35,3.24565396840349e-10,1,0.000102716446069068
"4",1.22599940057516e-37,2.59514831881294e-05,0.000102716446069068,1
"5",0,0,0,0
"6",4.2545900251952e-18,0.891319444444444,0.91763085399449,0.957638888888889
"7",-0.891319444444444,3.24357149935247e-19,0.468457300275482,0.314027777777778
"8",-0.91763085399449,-0.468457300275482,1.91841062090204e-18,-0.289393939393939
"9",-0.957638888888889,-0.314027777777778,0.289393939393939,8.28420809959966e-18
