"","V1","V2","V3","V4"
"1",1,8.02262564840889e-30,1.92631721767975e-21,1.61431100619887e-13
"2",8.02262564840889e-30,1,1.09492027863873e-06,2.19819281155473e-17
"3",1.92631721767975e-21,1.09492027863873e-06,1,2.45107358937313e-06
"4",1.61431100619887e-13,2.19819281155473e-17,2.45107358937313e-06,1
"5",0,0,0,0
"6",0,0.832356770833333,0.698046875,0.541927083333333
"7",-0.832356770833333,-4.10460872466804e-18,-0.361180555555556,-0.631458333333333
"8",-0.698046875,0.361180555555556,9.77317908314642e-18,-0.350694444444444
"9",-0.541927083333333,0.631458333333333,0.350694444444444,1.20978892413174e-18
