"","V1","V2","V3","V4"
"1",1,3.08001447412031e-59,1.04413959999825e-41,1.39167477670123e-53
"2",3.08001447412031e-59,1,0.0719332350181229,0.364557538196628
"3",1.04413959999825e-41,0.0719332350181229,1,0.377272951802396
"4",1.39167477670123e-53,0.364557538196628,0.377272951802396,1
"5",0,0,0,0
"6",0,0.765744444444444,0.638333333333333,0.727066666666667
"7",-0.765744444444444,1.60823322252016e-19,-0.0849111111111111,-0.0427888888888889
"8",-0.638333333333333,0.0849111111111111,1.63606107828063e-18,0.0416666666666667
"9",-0.727066666666667,0.0427888888888889,-0.0416666666666667,-4.52835107374779e-19
