"","V1","V2","V3","V4"
"1",1,5.4666146453998e-19,4.2911023862751e-25,3.10920156110008e-22
"2",5.4666146453998e-19,1,0.837873718979458,0.447307593579269
"3",4.2911023862751e-25,0.837873718979458,1,0.311985316339914
"4",3.10920156110008e-22,0.447307593579269,0.311985316339914,1
"5",0,0,0,0
"6",3.64686185290579e-19,0.663567493112948,0.771280991735537,0.722727272727273
"7",-0.663567493112948,4.0178725508692e-18,0.0153472222222222,-0.0568055555555556
"8",-0.771280991735537,-0.0153472222222222,-2.74935600906116e-18,-0.0755555555555556
"9",-0.722727272727273,0.0568055555555556,0.0755555555555556,-3.03034507209698e-18
