"","V1","V2","V3","V4"
"1",1,6.44856140637184e-36,4.52594746159701e-34,2.81059015883244e-38
"2",6.44856140637184e-36,1,0.0159028948880184,0.023856810232237
"3",4.52594746159701e-34,0.0159028948880184,1,0.410722669650913
"4",2.81059015883244e-38,0.023856810232237,0.410722669650913,1
"5",0,0,0,0
"6",6.35161772714425e-19,0.919596354166667,0.891025641025641,0.946987179487179
"7",-0.919596354166667,0,0.173557692307692,0.162560096153846
"8",-0.891025641025641,-0.173557692307692,-1.0842021724855e-18,-0.0589940828402367
"9",-0.946987179487179,-0.162560096153846,0.0589940828402367,-5.2583805365547e-18
