"","V1","V2","V3","V4","V5","V6","V7","V8","V9"
"1",1,0.000186854308296966,8.56662883300221e-06,0.0493309070897296,0.00930201536367612,0.239296668184991,1.49786429314895e-06,1.17480739633782e-05,1.09602912241678e-06
"2",0.000186854308296966,1,0.638206954712734,0.04710082172063,0.15997441824598,0.00695818286171156,0.233588599144818,0.389344361393621,0.206083630443684
"3",8.56662883300221e-06,0.638206954712734,1,0.0105035721272535,0.039568861094187,0.000822717670599694,0.44876446174798,0.719280690327311,0.401338403823331
"4",0.0493309070897296,0.04710082172063,0.0105035721272535,1,0.537772577398755,0.428393784754839,0.00158381409018548,0.00798637552261439,0.00120611611496389
"5",0.00930201536367612,0.15997441824598,0.039568861094187,0.537772577398755,1,0.157150714363465,0.0080642337457832,0.0282310924963787,0.0074298752361625
"6",0.239296668184991,0.00695818286171156,0.000822717670599694,0.428393784754839,0.157150714363465,1,0.000154371427509307,0.000869564578789325,0.000127610087167827
"7",1.49786429314895e-06,0.233588599144818,0.44876446174798,0.00158381409018548,0.0080642337457832,0.000154371427509307,1,0.774385477964187,0.954201108974905
"8",1.17480739633782e-05,0.389344361393621,0.719280690327311,0.00798637552261439,0.0282310924963787,0.000869564578789325,0.774385477964187,1,0.784802320466998
"9",1.09602912241678e-06,0.206083630443684,0.401338403823331,0.00120611611496389,0.0074298752361625,0.000127610087167827,0.954201108974905,0.784802320466998,1
"10",0,0,0,0,0,0,0,0,0
"11",-6.58069546464303e-19,-0.245098039215686,-0.290050794162703,-0.127329192546584,-0.169243710943759,-0.0769701919150674,-0.321804243180603,-0.291488432998691,-0.322442695860417
"12",0.245098039215686,-6.34222839460475e-19,-0.0309312684734191,0.129663459586733,0.0922065028543063,0.177904279991567,-0.0803185123814784,-0.0577417173766058,-0.0843490549372902
"13",0.290050794162703,0.0309312684734191,-3.25260651745651e-19,0.166000712109823,0.134161090058857,0.21906718717896,-0.050775993540863,-0.0239841862508236,-0.0556464107419521
"14",0.127329192546584,-0.129663459586733,-0.166000712109823,-6.45807381002235e-19,-0.0399402468747543,0.0515728310959728,-0.210349050826699,-0.175669308203041,-0.21323652845392
"15",0.169243710943759,-0.0922065028543063,-0.134161090058857,0.0399402468747543,-3.23202040025742e-19,0.0925275622703144,-0.177215189873418,-0.145962461807071,-0.177129661306876
"16",0.0769701919150674,-0.177904279991567,-0.21906718717896,-0.0515728310959728,-0.0925275622703144,2.17749765351444e-18,-0.254248069059518,-0.222513904338153,-0.254664341761116
"17",0.321804243180603,0.0803185123814784,0.050775993540863,0.210349050826699,0.177215189873418,0.254248069059518,0,0.019621175327829,-0.00394937190711838
"18",0.291488432998691,0.0577417173766058,0.0239841862508236,0.175669308203041,0.145962461807071,0.222513904338153,-0.019621175327829,7.15573433840433e-19,-0.0184995340167754
"19",0.322442695860417,0.0843490549372902,0.0556464107419521,0.21323652845392,0.177129661306876,0.254664341761116,0.00394937190711839,0.0184995340167754,-1.34572931814586e-18
