"","V1","V2","V3","V4","V5","V6","V7","V8","V9"
"1",1,0.806101967165191,0.798836536203782,0.172924195284967,0.126584838748807,0.361503971303054,0.0399069605326875,0.106634096309412,0.0965977689586168
"2",0.806101967165191,1,0.915936915927563,0.0703738373720089,0.0304259881371728,0.211941971064373,0.0221378984825353,0.0993352487452675,0.0707085932673174
"3",0.798836536203782,0.915936915927563,1,0.0492221810727087,0.0188542486462359,0.174519334750521,0.021499476407128,0.0987012279749976,0.0691451414731307
"4",0.172924195284967,0.0703738373720089,0.0492221810727087,1,0.701326090463041,0.620303977051466,9.0768896973189e-05,0.00102598408243403,0.000458774316637634
"5",0.126584838748807,0.0304259881371728,0.0188542486462359,0.701326090463041,1,0.407801366742336,2.60009446922246e-05,0.000430411327990339,0.000173779358403064
"6",0.361503971303054,0.211941971064373,0.174519334750521,0.620303977051466,0.407801366742336,1,0.000628205927186988,0.00509818684592173,0.00274201413884218
"7",0.0399069605326875,0.0221378984825353,0.021499476407128,9.0768896973189e-05,2.60009446922246e-05,0.000628205927186988,1,0.53552762571257,0.591120727840985
"8",0.106634096309412,0.0993352487452675,0.0987012279749976,0.00102598408243403,0.000430411327990339,0.00509818684592173,0.53552762571257,1,0.966957968118981
"9",0.0965977689586168,0.0707085932673174,0.0691451414731307,0.000458774316637634,0.000173779358403064,0.00274201413884218,0.591120727840985,0.966957968118981,1
"10",0,0,0,0,0,0,0,0,0
"11",-6.60879922973648e-19,-0.0160868855136371,-0.0166741044261431,0.0888494719019592,0.0999101747509391,0.0596929609668463,-0.137913899805755,-0.106946118092615,-0.110130831468411
"12",0.0160868855136371,0,-0.00694104197288911,0.118143459915612,0.141765285996055,0.0817718606180145,-0.153800691034734,-0.109407484407484,-0.119975744975745
"13",0.016674104426143,0.0069410419728891,0,0.128194791582682,0.153560346235505,0.0888045075943165,-0.154311785698152,-0.109442244792563,-0.120459631606128
"14",-0.0888494719019592,-0.118143459915612,-0.128194791582682,1.38750429921879e-18,0.0250730282375852,-0.0323758519961052,-0.262276685519346,-0.217242559014711,-0.23182517960999
"15",-0.0999101747509391,-0.141765285996055,-0.153560346235505,-0.0250730282375852,-1.31077262647927e-18,-0.0542406311637081,-0.282687761411166,-0.233671171171171,-0.249177061677062
"16",-0.0596929609668463,-0.0817718606180145,-0.0888045075943165,0.0323758519961052,0.0542406311637081,0,-0.229814511729405,-0.185897435897436,-0.198804573804574
"17",0.137913899805755,0.153800691034734,0.154311785698152,0.262276685519346,0.282687761411166,0.229814511729405,0,0.0422177496645582,0.0366110791642707
"18",0.106946118092615,0.109407484407484,0.109442244792563,0.217242559014711,0.233671171171171,0.185897435897436,-0.0422177496645582,3.45040015703157e-19,-0.00283053323593864
"19",0.110130831468411,0.119975744975745,0.120459631606128,0.23182517960999,0.249177061677062,0.198804573804574,-0.0366110791642707,0.00283053323593864,7.01068566938262e-19
