"","V1","V2","V3","V4","V5","V6","V7","V8","V9"
"1",1,0.00122837906231714,0.000258360501349446,0.458438959473206,0.0868859248452499,0.180854896391377,0.960178167676169,0.524676754069136,0.698564905466126
"2",0.00122837906231714,1,0.734417861335986,0.0132686616406125,0.201141711353789,0.0450273737365627,0.00333348767147019,0.0123356610122625,0.00982556412441496
"3",0.000258360501349446,0.734417861335986,1,0.00469773027986782,0.116415345893395,0.022080889340587,0.000762719253860832,0.00445003482260019,0.0037595499039553
"4",0.458438959473206,0.0132686616406125,0.00469773027986782,1,0.259392177029191,0.598963630407536,0.496565839812634,0.873978022616898,0.837316123855998
"5",0.0868859248452499,0.201141711353789,0.116415345893395,0.259392177029191,1,0.53159644582612,0.100818958655757,0.237261831754283,0.201591107423692
"6",0.180854896391377,0.0450273737365627,0.022080889340587,0.598963630407536,0.53159644582612,1,0.219707858985684,0.48338073587723,0.424250751389429
"7",0.960178167676169,0.00333348767147019,0.000762719253860832,0.496565839812634,0.100818958655757,0.219707858985684,1,0.560382598169237,0.680430174514904
"8",0.524676754069136,0.0123356610122625,0.00445003482260019,0.873978022616898,0.237261831754283,0.48338073587723,0.560382598169237,1,0.881178521254581
"9",0.698564905466126,0.00982556412441496,0.0037595499039553,0.837316123855998,0.201591107423692,0.424250751389429,0.680430174514904,0.881178521254581,1
"10",0,0,0,0,0,0,0,0,0
"11",1.47552017513756e-18,0.212758823036298,0.240506329113924,0.0489896417048735,0.11254113040943,0.0882439785717299,-0.00342867878446292,0.0425988902810095,0.0259945037617696
"12",-0.212758823036298,1.19742581708051e-18,0.0221118410511136,-0.161676403765011,-0.0830745959716583,-0.130653874062727,-0.196696292306311,-0.165583304823811,-0.171144407129941
"13",-0.240506329113924,-0.0221118410511136,1.51651063366643e-19,-0.184558584875041,-0.10202213199586,-0.14919777473192,-0.225558847293294,-0.188205610673965,-0.192069232756394
"14",-0.0489896417048735,0.161676403765011,0.184558584875041,-5.55306112702512e-19,0.0735365263667151,0.0344194022537972,-0.0457355882887798,-0.0105682605682606,-0.0136926565497994
"15",-0.11254113040943,0.0830745959716583,0.10202213199586,-0.0735365263667151,-6.53930744285282e-19,-0.0407402956375436,-0.109817565457871,-0.0781064082950875,-0.084541992897788
"16",-0.0882439785717299,0.130653874062727,0.14919777473192,-0.0344194022537972,0.0407402956375436,0,-0.0823959886163437,-0.046479600619728,-0.0530785562632696
"17",0.00342867878446292,0.196696292306311,0.225558847293294,0.0457355882887798,0.109817565457871,0.0823959886163437,0,0.0396779758481886,0.0281275630819704
"18",-0.0425988902810095,0.165583304823811,0.188205610673965,0.0105682605682606,0.0781064082950875,0.046479600619728,-0.0396779758481886,-1.27393755267047e-18,-0.0101121529692958
"19",-0.0259945037617696,0.171144407129941,0.192069232756394,0.0136926565497994,0.084541992897788,0.0530785562632696,-0.0281275630819704,0.0101121529692958,0
