"","V1","V2","V3","V4","V5","V6","V7","V8","V9"
"1",1,0.121155996519801,0.837880223299218,0.530960057897863,0.0123370302611257,0.31186016837142,0.367481037653726,0.71353217919746,0.612325058712965
"2",0.121155996519801,1,0.054370818232015,0.369197093635759,0.223400028659866,0.607264165430813,0.0122942642588556,0.0463644102615734,0.0454141967679018
"3",0.837880223299218,0.054370818232015,1,0.365110564421166,0.00478228790995392,0.196246755490766,0.44736274071557,0.916081567358164,0.710653208308894
"4",0.530960057897863,0.369197093635759,0.365110564421166,1,0.0592019029034903,0.721623026946661,0.151059998084574,0.372742769941174,0.285268520366267
"5",0.0123370302611257,0.223400028659866,0.00478228790995392,0.0592019029034903,1,0.124047087460384,0.000822641098524019,0.00450497323871336,0.00536509804001226
"6",0.31186016837142,0.607264165430813,0.196246755490766,0.721623026946661,0.124047087460384,1,0.0534177133813867,0.179818772597974,0.130514122602404
"7",0.367481037653726,0.0122942642588556,0.44736274071557,0.151059998084574,0.000822641098524019,0.0534177133813867,1,0.549751427800537,0.749800577291323
"8",0.71353217919746,0.0463644102615734,0.916081567358164,0.372742769941174,0.00450497323871336,0.179818772597974,0.549751427800537,1,0.804319581521685
"9",0.612325058712965,0.0454141967679018,0.710653208308894,0.285268520366267,0.00536509804001226,0.130514122602404,0.749800577291323,0.804319581521685,1
"10",0,0,0,0,0,0,0,0,0
"11",1.20599891004394e-18,0.101856476856477,-0.0134390925530166,0.0412651864264767,0.16364453156906,0.0664751914751915,-0.0606822754710079,-0.0244822744822745,-0.0338369113879318
"12",-0.101856476856477,1.31077262647927e-18,-0.125608568646543,-0.0589330024813896,0.0793823576842445,-0.0336949375410914,-0.167975803539184,-0.132233194733195,-0.133045525902669
"13",0.0134390925530166,0.125608568646543,-8.84516835654313e-19,0.0592486729277256,0.183305469309768,0.0843881856540084,-0.0508557675164914,-0.00701334245638043,-0.0246275725480065
"14",-0.0412651864264767,0.0589330024813896,-0.0592486729277256,0,0.12318928788801,0.0234077750206782,-0.096501590186279,-0.0592850915431561,-0.0711871845512398
"15",-0.16364453156906,-0.0793823576842445,-0.183305469309768,-0.12318928788801,0,-0.100266086115143,-0.223403312959518,-0.187659357470678,-0.184272451118812
"16",-0.0664751914751915,0.0336949375410914,-0.0843881856540084,-0.0234077750206782,0.100266086115143,1.1905373855562e-18,-0.129604550379198,-0.0890505890505891,-0.100558171986743
"17",0.0606822754710079,0.167975803539184,0.0508557675164914,0.096501590186279,0.223403312959518,0.129604550379198,0,0.0406832889227255,0.0217495448883779
"18",0.0244822744822745,0.132233194733195,0.00701334245638043,0.0592850915431561,0.187659357470678,0.0890505890505891,-0.0406832889227255,-1.61897756837362e-19,-0.0167310167310167
"19",0.0338369113879318,0.133045525902669,0.0246275725480065,0.0711871845512398,0.184272451118812,0.100558171986743,-0.0217495448883779,0.0167310167310167,0
