"","V1","V2","V3","V4","V5","V6","V7","V8","V9"
"1",1,0.0984255325965383,0.000386156924874066,0.23963052227565,0.0777917740030663,0.925632878247065,0.000548581783174235,0.0141810054070504,0.0204759691891083
"2",0.0984255325965383,1,0.0456546539413919,0.00164509394777535,0.000500381204543417,0.0684353226437791,0.0415942876466168,0.329216163413404,0.491392437443256
"3",0.000386156924874066,0.0456546539413919,1,8.25633788323524e-08,4.20537574335198e-08,0.00015537255870396,0.789846206655083,0.385688354218513,0.238223026037202
"4",0.23963052227565,0.00164509394777535,8.25633788323524e-08,1,0.505118387066503,0.17210805146886,2.39142688320534e-07,5.60660592391449e-05,0.000122562873494208
"5",0.0777917740030663,0.000500381204543417,4.20537574335198e-08,0.505118387066503,1,0.0504055008418461,1.25544535321394e-07,1.80750708804778e-05,2.50855653838124e-05
"6",0.925632878247065,0.0684353226437791,0.00015537255870396,0.17210805146886,0.0504055008418461,1,0.000164912393223969,0.00836692243616156,0.0152321221266229
"7",0.000548581783174235,0.0415942876466168,0.789846206655083,2.39142688320534e-07,1.25544535321394e-07,0.000164912393223969,1,0.352192078473254,0.178254741266055
"8",0.0141810054070504,0.329216163413404,0.385688354218513,5.60660592391449e-05,1.80750708804778e-05,0.00836692243616156,0.352192078473254,1,0.731296687558798
"9",0.0204759691891083,0.491392437443256,0.238223026037202,0.000122562873494208,2.50855653838124e-05,0.0152321221266229,0.178254741266055,0.731296687558798,1
"10",0,0,0,0,0,0,0,0,0
"11",6.58069546464303e-19,-0.108252506986684,-0.231702369360597,0.0761852346882617,0.114600748348061,-0.0061636468933565,-0.2311463719023,-0.163160192055871,-0.153352719808416
"12",0.108252506986684,0,-0.131327006327006,0.205210938130193,0.227599444580577,0.120320855614973,-0.137141027986098,-0.0653381101656964,-0.0458494208494208
"13",0.231702369360597,0.131327006327006,-1.87997876703416e-18,0.348343685300207,0.357281083696178,0.248910675381264,-0.0179216323582521,0.0579133510167993,0.0783090783090783
"14",-0.0761852346882617,-0.205210938130193,-0.348343685300207,6.87559265905404e-19,0.0431266846361186,-0.089189298907969,-0.343976904907707,-0.266780895266652,-0.252979687762296
"15",-0.114600748348061,-0.227599444580577,-0.357281083696178,-0.0431266846361186,0,-0.128170345706417,-0.352954203206661,-0.284753849490349,-0.278386877443481
"16",0.0061636468933565,-0.120320855614973,-0.248910675381264,0.089189298907969,0.128170345706417,6.78157829456619e-19,-0.253935376967688,-0.176786116745549,-0.161853029500088
"17",0.2311463719023,0.137141027986098,0.0179216323582521,0.343976904907707,0.352954203206661,0.253935376967688,-1.3277658999664e-18,0.0635745507527926,0.0915017129805862
"18",0.163160192055871,0.0653381101656964,-0.0579133510167993,0.266780895266652,0.284753849490349,0.176786116745549,-0.0635745507527926,1.33768116315625e-18,0.0232525629077353
"19",0.153352719808416,0.0458494208494208,-0.0783090783090783,0.252979687762296,0.278386877443481,0.161853029500088,-0.0915017129805862,-0.0232525629077353,-1.61897756837362e-19
