"","V1","V2","V3","V4"
"1",1,1.92674206915206e-37,6.04999124881512e-36,4.165710417209e-53
"2",1.92674206915206e-37,1,0.516148982011582,2.19568400401549e-08
"3",6.04999124881512e-36,0.516148982011582,1,9.14586172933458e-07
"4",4.165710417209e-53,2.19568400401549e-08,9.14586172933458e-07,1
"5",0,0,0,0
"6",-2.29263584390164e-19,0.476809895833333,0.466714409722222,0.571966145833333
"7",-0.476809895833333,4.90172319689749e-18,0.0242144097222222,0.208654513888889
"8",-0.466714409722222,-0.0242144097222222,2.324710158171e-18,0.183051215277778
"9",-0.571966145833333,-0.208654513888889,-0.183051215277778,5.38690366908475e-18
