"","V1","V2","V3","V4","V5","V6","V7","V8","V9"
"1",1,0.000126659892446441,3.14388212992028e-07,1.68040062221832e-07,6.84032670543818e-08,1.00940657287732e-07,2.14373667148909e-07,5.35490998726928e-08,5.53755645640034e-09
"2",0.000126659892446441,1,0.160584669752508,0.0947550847349543,0.103797418803922,0.0829940509414704,0.103501192610064,0.0664429596730052,0.018514840054707
"3",3.14388212992028e-07,0.160584669752508,1,0.754011822406584,0.781037082033036,0.685590860149097,0.823877667263436,0.602680843905314,0.332058067439222
"4",1.68040062221832e-07,0.0947550847349543,0.754011822406584,1,0.951827056811168,0.954330350940181,0.894616222589423,0.841861668081698,0.506569419611582
"5",6.84032670543818e-08,0.103797418803922,0.781037082033036,0.951827056811168,1,0.911117291120183,0.973071299843154,0.810404490744315,0.48535684939673
"6",1.00940657287732e-07,0.0829940509414704,0.685590860149097,0.954330350940181,0.911117291120183,1,0.857277540174441,0.878803302097448,0.566140605632319
"7",2.14373667148909e-07,0.103501192610064,0.823877667263436,0.894616222589423,0.973071299843154,0.857277540174441,1,0.775235250697336,0.451937541136067
"8",5.35490998726928e-08,0.0664429596730052,0.602680843905314,0.841861668081698,0.810404490744315,0.878803302097448,0.775235250697336,1,0.668135723675775
"9",5.53755645640034e-09,0.018514840054707,0.332058067439222,0.506569419611582,0.48535684939673,0.566140605632319,0.451937541136067,0.668135723675775,1
"10",0,0,0,0,0,0,0,0,0
"11",1.13659771680436e-18,0.143070083682008,0.190912656903766,0.195279811715481,0.201390341701534,0.198766562064156,0.19359309623431,0.203024755927476,0.217621164574616
"12",-0.143070083682008,2.48304885044441e-18,0.0523220486111111,0.0623046875,0.0606597222222222,0.0646440972222222,0.0607118055555556,0.0684418402777778,0.0878211805555556
"13",-0.190912656903766,-0.0523220486111111,4.99862376606338e-19,0.0116883680555556,0.0103689236111111,0.0150998263888889,0.00830295138888889,0.0194140625,0.036171875
"14",-0.195279811715481,-0.0623046875,-0.0116883680555556,-7.43807865415576e-19,-0.00225694444444445,0.00213975694444444,-0.00494357638888889,0.00744357638888889,0.0247699652777778
"15",-0.201390341701534,-0.0606597222222222,-0.0103689236111111,0.00225694444444445,2.51196090837735e-18,0.00416666666666667,-0.00126302083333334,0.00894965277777778,0.0260199652777778
"16",-0.198766562064156,-0.0646440972222222,-0.0150998263888889,-0.00213975694444444,-0.00416666666666667,-4.85406347639864e-19,-0.00671006944444445,0.00569010416666666,0.0213975694444444
"17",-0.19359309623431,-0.0607118055555556,-0.00830295138888889,0.00494357638888889,0.00126302083333333,0.00671006944444445,4.27582231773971e-19,0.0106510416666667,0.0280512152777778
"18",-0.203024755927476,-0.0684418402777778,-0.0194140625,-0.00744357638888889,-0.00894965277777778,-0.00569010416666666,-0.0106510416666667,2.76403791348023e-18,0.0159895833333333
"19",-0.217621164574616,-0.0878211805555556,-0.036171875,-0.0247699652777778,-0.0260199652777778,-0.0213975694444444,-0.0280512152777778,-0.0159895833333333,7.86950076862395e-19
