"","V1","V2","V3","V4"
"1",1,9.04949618502947e-62,9.61945838616093e-54,1.83227333588426e-64
"2",9.04949618502947e-62,1,0.385216595547246,0.30295368808555
"3",9.61945838616093e-54,0.385216595547246,1,0.0594590364478525
"4",1.83227333588426e-64,0.30295368808555,0.0594590364478525,1
"5",0,0,0,0
"6",1.56667213924155e-18,0.782444444444444,0.728188888888889,0.799833333333333
"7",-0.782444444444444,-2.77881016808035e-18,-0.0409777777777778,0.0486111111111111
"8",-0.728188888888889,0.0409777777777778,-2.61148163279342e-18,0.0889333333333333
"9",-0.799833333333333,-0.0486111111111111,-0.0889333333333333,-2.67725656459087e-18
