"","V1","V2","V3","V4"
"1",1,9.54907041496424e-23,7.77923871384206e-21,3.12178205704661e-22
"2",9.54907041496424e-23,1,4.75758944275161e-08,7.33755081312392e-05
"3",7.77923871384206e-21,4.75758944275161e-08,1,0.0539996593620195
"4",3.12178205704661e-22,7.33755081312392e-05,0.0539996593620195,1
"5",0,0,0,0
"6",2.29624310859243e-18,0.983069725996881,0.937625306304299,0.971040320784139
"7",-0.983069725996881,2.91440016812895e-18,-0.546892403653375,-0.397193138783694
"8",-0.937625306304299,0.546892403653375,0,0.193138783693473
"9",-0.971040320784139,0.397193138783694,-0.193138783693473,-6.25277193206566e-18
