"","V1","V2","V3","V4"
"1",1,2.51245820121116e-34,1.35779412255802e-37,2.09584062689172e-35
"2",2.51245820121116e-34,1,7.23236407081375e-09,0.0140863316065738
"3",1.35779412255802e-37,7.23236407081375e-09,1,7.08247941881504e-05
"4",2.09584062689172e-35,0.0140863316065738,7.08247941881504e-05,1
"5",0,0,0,0
"6",-2.74393499819873e-18,0.9125,0.957083333333333,0.927430555555556
"7",-0.9125,1.94885340504269e-18,0.432013888888889,0.183333333333333
"8",-0.957083333333333,-0.432013888888889,7.9770174840621e-18,-0.296666666666667
"9",-0.927430555555556,-0.183333333333333,0.296666666666667,-2.14129929065887e-19
