"","V1","V2","V3","V4"
"1",1,3.48600386732263e-31,1.36624335790464e-37,4.9286193381992e-38
"2",3.48600386732263e-31,1,3.42614239707364e-15,4.66076587533893e-07
"3",1.36624335790464e-37,3.42614239707364e-15,1,7.84274843397028e-06
"4",4.9286193381992e-38,4.66076587533893e-07,7.84274843397028e-06,1
"5",0,0,0,0
"6",1.01463253308435e-18,0.8675,0.957083333333333,0.962986111111111
"7",-0.8675,-2.54877860715134e-18,0.588055555555556,0.376388888888889
"8",-0.957083333333333,-0.588055555555556,0,-0.33375
"9",-0.962986111111111,-0.376388888888889,0.33375,-2.77284705613168e-18
