"","V1","V2","V3","V4"
"1",1,0.081367375695811,0.0405304834940641,0.00233647550521828
"2",0.081367375695811,1,0.834979343467158,0.230510414289793
"3",0.0405304834940641,0.834979343467158,1,0.298760373141892
"4",0.00233647550521828,0.230510414289793,0.298760373141892,1
"5",0,0,0,0
"6",3.52329565985373e-18,0.0821888888888889,0.0965888888888889,0.143522222222222
"7",-0.0821888888888889,1.52619525813543e-18,0.00983333333333333,0.0565444444444444
"8",-0.0965888888888889,-0.00983333333333333,-3.56449534240818e-18,0.049
"9",-0.143522222222222,-0.0565444444444444,-0.049,-8.55399374018647e-18
