"","V1","V2","V3","V4"
"1",1,2.89127127657776e-22,1.06621460657961e-19,8.04860567827531e-29
"2",2.89127127657776e-22,1,0.570848279408472,0.373511038492298
"3",1.06621460657961e-19,0.570848279408472,1,0.754492685162335
"4",8.04860567827531e-29,0.373511038492298,0.754492685162335,1
"5",0,0,0,0
"6",9.24282352043893e-19,0.724722222222222,0.678263888888889,0.831875
"7",-0.724722222222222,2.63009377008775e-18,-0.0423611111111111,-0.0664583333333333
"8",-0.678263888888889,0.0423611111111111,7.49003000825403e-19,-0.0234027777777778
"9",-0.831875,0.0664583333333333,0.0234027777777778,6.13477729264715e-19
