"","V1","V2","V3","V4"
"1",1,4.25339167691931e-28,1.75609612958981e-27,6.53706939581673e-21
"2",4.25339167691931e-28,1,0.000790653256628006,3.1863148858447e-07
"3",1.75609612958981e-27,0.000790653256628006,1,0.0166635867531635
"4",6.53706939581673e-21,3.1863148858447e-07,0.0166635867531635,1
"5",0,0,0,0
"6",-1.03812358015487e-18,0.819214876033058,0.796963824289406,0.690944881889764
"7",-0.819214876033058,1.07792992851245e-18,-0.24575565378948,-0.375740222554825
"8",-0.796963824289406,0.24575565378948,1.86919816403702e-18,-0.173167307574925
"9",-0.690944881889764,0.375740222554825,0.173167307574925,4.1489941403776e-19
