"","V1","V2","V3","V4","V5","V6","V7","V8"
"1",1,0.000274947366634539,1.77939573920506e-06,5.89801347835316e-06,1.57664775408684e-09,2.91989524847984e-07,1.19578560069601e-08,6.10576957842656e-09
"2",0.000274947366634539,1,0.0795551956474971,0.148111367378947,0.00020624072967439,0.0177006134722153,0.00108130571584135,0.000420944517491073
"3",1.77939573920506e-06,0.0795551956474971,1,0.971601819831578,0.0142982883011351,0.390429453625598,0.0780408753561495,0.0422161242013968
"4",5.89801347835316e-06,0.148111367378947,0.971601819831578,1,0.0433552693137149,0.4764688723864,0.109162876529788,0.0807071147349403
"5",1.57664775408684e-09,0.00020624072967439,0.0142982883011351,0.0433552693137149,1,0.160331221366297,0.76899035909518,0.693714397563138
"6",2.91989524847984e-07,0.0177006134722153,0.390429453625598,0.4764688723864,0.160331221366297,1,0.306079612389622,0.250017981384974
"7",1.19578560069601e-08,0.00108130571584135,0.0780408753561495,0.109162876529788,0.76899035909518,0.306079612389622,1,0.973376025239319
"8",6.10576957842656e-09,0.000420944517491073,0.0422161242013968,0.0807071147349403,0.693714397563138,0.250017981384974,0.973376025239319,1
"9",0,0,0,0,0,0,0,0
"10",-6.86121971841573e-19,0.364446424593451,0.478503007351303,0.453775896636222,0.604588995321898,0.513700155936734,0.570951214078859,0.582312319002005
"11",-0.364446424593451,-6.86121971841573e-19,0.175762976163956,0.145021162842504,0.371797727779015,0.237692136333259,0.327467141902428,0.353308086433504
"12",-0.478503007351303,-0.175762976163956,0,0.00378703497438183,0.245488973045222,0.0862107373579862,0.176654043216752,0.203608821563823
"13",-0.453775896636222,-0.145021162842504,-0.00378703497438183,2.55515706023076e-18,0.202494987747828,0.0715081309868568,0.160614836266429,0.17509467587436
"14",-0.604588995321898,-0.371797727779015,-0.245488973045222,-0.202494987747828,-6.58612364480001e-19,-0.140788594341724,-0.0296279795054578,-0.0396524838494097
"15",-0.513700155936734,-0.237692136333259,-0.0862107373579862,-0.0715081309868568,0.140788594341724,1.60688471235538e-18,0.102695477834707,0.115393183337046
"16",-0.570951214078859,-0.327467141902428,-0.176654043216752,-0.160614836266429,0.0296279795054578,-0.102695477834707,0,-0.00356426821118289
"17",-0.582312319002005,-0.353308086433504,-0.203608821563823,-0.17509467587436,0.0396524838494097,-0.115393183337046,0.0035642682111829,1.60688471235538e-18
