"","V1","V2","V3","V4","V5","V6","V7","V8"
"1",1,4.38656467787839e-05,3.72720994264225e-08,3.53070305780255e-06,9.96104268767813e-08,4.85449488639497e-05,2.44309332679716e-05,1.52604218086599e-06
"2",4.38656467787839e-05,1,0.153385605088805,0.467257139146282,0.164248748710706,0.788939833116993,0.868678509699725,0.465644752155962
"3",3.72720994264225e-08,0.153385605088805,1,0.372229056710632,0.815318424012004,0.0722187225897797,0.095094886363746,0.448181219039005
"4",3.53070305780255e-06,0.467257139146282,0.372229056710632,1,0.414397809738809,0.417403339360101,0.563688643434834,0.926813746504648
"5",9.96104268767813e-08,0.164248748710706,0.815318424012004,0.414397809738809,1,0.11901944273869,0.116556614860005,0.508389894837905
"6",4.85449488639497e-05,0.788939833116993,0.0722187225897797,0.417403339360101,0.11901944273869,1,0.843959152788208,0.312301257375369
"7",2.44309332679716e-05,0.868678509699725,0.095094886363746,0.563688643434834,0.116556614860005,0.843959152788208,1,0.449747838591884
"8",1.52604218086599e-06,0.465644752155962,0.448181219039005,0.926813746504648,0.508389894837905,0.312301257375369,0.449747838591884,1
"9",0,0,0,0,0,0,0,0
"10",0,0.432777777777778,0.582777777777778,0.491111111111111,0.564166666666667,0.430277777777778,0.446944444444444,0.509166666666667
"11",-0.432777777777778,-2.3039296165317e-18,0.151388888888889,0.0772222222222222,0.1475,-0.0286111111111111,0.0177777777777778,0.0775
"12",-0.582777777777778,-0.151388888888889,2.3039296165317e-18,-0.0947222222222222,-0.025,-0.190555555555556,-0.176944444444444,-0.0805555555555555
"13",-0.491111111111111,-0.0772222222222222,0.0947222222222222,0,0.0866666666666667,-0.0861111111111111,-0.0613888888888889,0.01
"14",-0.564166666666667,-0.1475,0.025,-0.0866666666666667,0,-0.165277777777778,-0.166388888888889,-0.0702777777777778
"15",-0.430277777777778,0.0286111111111111,0.190555555555556,0.0861111111111111,0.165277777777778,0,0.0211111111111111,0.107222222222222
"16",-0.446944444444444,-0.0177777777777778,0.176944444444444,0.0613888888888889,0.166388888888889,-0.0211111111111111,-9.66746937132908e-19,0.0802777777777778
"17",-0.509166666666667,-0.0775,0.0805555555555555,-0.01,0.0702777777777778,-0.107222222222222,-0.0802777777777778,1.52330405234213e-18
