"","V1","V2","V3","V4","V5","V6","V7","V8"
"1",1,1.09508734750294e-52,4.61138642509382e-54,1.65988901881263e-47,5.471668792206e-51,1.19618710586634e-44,7.25705423286723e-45,2.60107429271848e-36
"2",1.09508734750294e-52,1,0.814211189040018,0.250822662010414,0.532795512927102,0.0511394154773926,0.030084616361358,6.00241327251575e-05
"3",4.61138642509382e-54,0.814211189040018,1,0.355998800313274,0.70948237965553,0.0702132866914362,0.0499095605321422,7.45781259717512e-05
"4",1.65988901881263e-47,0.250822662010414,0.355998800313274,1,0.595772434520943,0.402015705148843,0.32058177995525,0.00380450235020785
"5",5.471668792206e-51,0.532795512927102,0.70948237965553,0.595772434520943,1,0.161062103566044,0.111077874938114,0.000365933245430364
"6",1.19618710586634e-44,0.0511394154773926,0.0702132866914362,0.402015705148843,0.161062103566044,1,0.90615226283108,0.0407785735343555
"7",7.25705423286723e-45,0.030084616361358,0.0499095605321422,0.32058177995525,0.111077874938114,0.90615226283108,1,0.0401444634610032
"8",2.60107429271848e-36,6.00241327251575e-05,7.45781259717512e-05,0.00380450235020785,0.000365933245430364,0.0407785735343555,0.0401444634610032,1
"9",0,0,0,0,0,0,0,0
"10",1.61269402643764e-18,0.360475592747559,0.365311018131102,0.341638772663877,0.354405857740586,0.330799163179916,0.331628312412831,0.296929567642957
"11",-0.360475592747559,2.54796545552198e-18,-0.0055388888888889,-0.0270645833333333,-0.0147006944444444,-0.0459659722222222,-0.0511173611111111,-0.0945736111111111
"12",-0.365311018131102,0.00553888888888889,-1.03135635159494e-17,-0.0217534722222222,-0.00878055555555556,-0.0426708333333333,-0.0462090277777778,-0.0933569444444444
"13",-0.341638772663877,0.0270645833333333,0.0217534722222222,-4.99663606208049e-18,0.0125027777777778,-0.0197513888888889,-0.0234090277777778,-0.0682048611111111
"14",-0.354405857740586,0.0147006944444444,0.00878055555555555,-0.0125027777777778,-1.15557881550747e-19,-0.03303125,-0.0375513888888889,-0.0839847222222222
"15",-0.330799163179916,0.0459659722222222,0.0426708333333333,0.0197513888888889,0.03303125,-4.16405914379266e-18,-0.00277916666666667,-0.0482166666666667
"16",-0.331628312412831,0.0511173611111111,0.0462090277777778,0.0234090277777778,0.0375513888888889,0.00277916666666666,3.91875840226781e-18,-0.0483673611111111
"17",-0.296929567642957,0.0945736111111111,0.0933569444444444,0.0682048611111111,0.0839847222222222,0.0482166666666667,0.0483673611111111,-4.71835750447587e-18
