"","V1","V2","V3","V4","V5","V6","V7","V8"
"1",1,8.71920319137577e-64,2.89494990683296e-58,2.19860375337948e-62,8.48225626241208e-57,6.53019800501062e-49,3.14431352977148e-47,2.77629064209818e-37
"2",8.71920319137577e-64,1,0.235976918261423,0.804779097698732,0.0229449498901991,0.000401858657868727,9.90690684413221e-06,5.35758812525206e-11
"3",2.89494990683296e-58,0.235976918261423,1,0.367534062757907,0.291446902651815,0.0193994070286521,0.00131157683151093,8.39240135897835e-08
"4",2.19860375337948e-62,0.804779097698732,0.367534062757907,1,0.0614620610394801,0.00169719115933706,6.46340531766583e-05,1.03979337967575e-09
"5",8.48225626241208e-57,0.0229449498901991,0.291446902651815,0.0614620610394801,1,0.191033470721804,0.020837907872652,7.40459775108573e-06
"6",6.53019800501062e-49,0.000401858657868727,0.0193994070286521,0.00169719115933706,0.191033470721804,1,0.336751339188083,0.00183000129537526
"7",3.14431352977148e-47,9.90690684413221e-06,0.00131157683151093,6.46340531766583e-05,0.020837907872652,0.336751339188083,1,0.0329566831040362
"8",2.77629064209818e-37,5.35758812525206e-11,8.39240135897835e-08,1.03979337967575e-09,7.40459775108573e-06,0.00183000129537526,0.0329566831040362,1
"9",0,0,0,0,0,0,0,0
"10",4.94082533503156e-18,0.397739687848383,0.37960632664437,0.393222547380156,0.374634894091416,0.346741917502787,0.340498885172798,0.300977564102564
"11",-0.397739687848383,-6.95063942744249e-18,-0.0279256944444444,-0.005825,-0.0535916666666667,-0.0833881944444444,-0.104135416666667,-0.154595833333333
"12",-0.37960632664437,0.0279256944444444,-2.82281070624705e-18,0.0212347222222222,-0.0248590277777778,-0.0550868055555556,-0.0757229166666667,-0.126269444444444
"13",-0.393222547380156,0.00582499999999999,-0.0212347222222222,6.79026785609567e-18,-0.04406875,-0.0739611111111111,-0.0941472222222222,-0.143820138888889
"14",-0.374634894091416,0.0535916666666667,0.0248590277777778,0.04406875,-1.72234550117426e-18,-0.0308097222222222,-0.0544534722222222,-0.105603472222222
"15",-0.346741917502787,0.0833881944444444,0.0550868055555556,0.0739611111111111,0.0308097222222222,4.13794794147197e-18,-0.0226361111111111,-0.0734368055555556
"16",-0.340498885172798,0.104135416666667,0.0757229166666667,0.0941472222222222,0.0544534722222222,0.0226361111111111,-3.41487544260518e-18,-0.0502534722222222
"17",-0.300977564102564,0.154595833333333,0.126269444444444,0.143820138888889,0.105603472222222,0.0734368055555556,0.0502534722222222,-7.24725907179831e-18
