"","V1","V2","V3","V4","V5","V6","V7","V8"
"1",1,1.01713631203863e-11,5.2282968188359e-14,3.74362989005839e-14,1.05456247085736e-15,6.08313577547723e-15,1.90263750094762e-18,3.54255583414231e-16
"2",1.01713631203863e-11,1,0.265982856382826,0.42899199861973,0.076267082428409,0.224105812966686,0.00520774995096255,0.0621513732692485
"3",5.2282968188359e-14,0.265982856382826,1,0.680284193981473,0.474367616951253,0.925384540735961,0.0924250710124289,0.41088293830682
"4",3.74362989005839e-14,0.42899199861973,0.680284193981473,1,0.287865557231603,0.602903093619922,0.0360265019673476,0.188991543438661
"5",1.05456247085736e-15,0.076267082428409,0.474367616951253,0.287865557231603,1,0.523046536998846,0.294772339044665,0.906687446886954
"6",6.08313577547723e-15,0.224105812966686,0.925384540735961,0.602903093619922,0.523046536998846,1,0.103320901428206,0.381625678239364
"7",1.90263750094762e-18,0.00520774995096255,0.0924250710124289,0.0360265019673476,0.294772339044665,0.103320901428206,1,0.382284079864204
"8",3.54255583414231e-16,0.0621513732692485,0.41088293830682,0.188991543438661,0.906687446886954,0.381625678239364,0.382284079864204,1
"9",0,0,0,0,0,0,0,0
"10",-1.26512841001902e-18,0.439921875,0.4866015625,0.4894140625,0.5185546875,0.504453125,0.5665625,0.5271484375
"11",-0.439921875,-3.40168431617327e-19,0.071953125,0.051171875,0.1146484375,0.0786328125,0.1806640625,0.120625
"12",-0.4866015625,-0.071953125,0,-0.0266796875,0.0462890625,0.00609375,0.108828125,0.053203125
"13",-0.4894140625,-0.051171875,0.0266796875,6.70172467867602e-19,0.06875,0.033671875,0.1355859375,0.0849609375
"14",-0.5185546875,-0.1146484375,-0.0462890625,-0.06875,2.64816380629584e-18,-0.041328125,0.0677734375,0.0076171875
"15",-0.504453125,-0.0786328125,-0.00609375,-0.033671875,0.041328125,8.31447541024821e-19,0.1053515625,0.0566015625
"16",-0.5665625,-0.1806640625,-0.108828125,-0.1355859375,-0.0677734375,-0.1053515625,-1.26512841001902e-18,-0.0565234375
"17",-0.5271484375,-0.120625,-0.053203125,-0.0849609375,-0.0076171875,-0.0566015625,0.0565234375,1.68322387278375e-18
