"","V1","V2","V3","V4","V5"
"1",1,1.4315660719259e-197,1.4315660719259e-197,1.4315660719259e-197,1.43156830935633e-197
"2",1.4315660719259e-197,1,2.70482033105647e-183,3.96032624779429e-160,1.34180245225302e-196
"3",1.4315660719259e-197,2.70482033105647e-183,1,3.22797524658871e-48,1.4315660719259e-197
"4",1.4315660719259e-197,3.96032624779429e-160,3.22797524658871e-48,1,1.51252789148154e-197
"5",1.43156830935633e-197,1.34180245225302e-196,1.4315660719259e-197,1.51252789148154e-197,1
"6",0,0,0,0,0
"7",6.9931040125315e-20,1,1,1,1
"8",-1,1.62088224786583e-19,0.962794444444444,0.899161111111111,-0.997511111111111
"9",-1,-0.962794444444444,6.9931040125315e-20,-0.486555555555556,-1
"10",-1,-0.899161111111111,0.486555555555556,4.68013937789576e-20,-0.999938888888889
"11",-1,0.997511111111111,1,0.999938888888889,6.9931040125315e-20
