"","V1","V2","V3","V4","V5"
"1",1,1.4315660719259e-197,1.43156830935633e-197,1.4315660719259e-197,7.93893455060916e-180
"2",1.4315660719259e-197,1,0.958081342982311,5.37752556223659e-07,1.4315660719259e-197
"3",1.43156830935633e-197,0.958081342982311,1,7.11549639811551e-07,1.43156830935633e-197
"4",1.4315660719259e-197,5.37752556223659e-07,7.11549639811551e-07,1,1.4315660719259e-197
"5",7.93893455060916e-180,1.4315660719259e-197,1.43156830935633e-197,1.4315660719259e-197,1
"6",0,0,0,0,0
"7",6.9931040125315e-20,1,1,1,0.953538888888889
"8",-1,-2.94722290553976e-19,0.00175555555555556,0.16715,-1
"9",-1,-0.00175555555555556,6.9931040125315e-20,0.165344444444444,-1
"10",-1,-0.16715,-0.165344444444444,6.9931040125315e-20,-1
"11",-0.953538888888889,1,1,1,6.9931040125315e-20
