"","V1","V2","V3","V4","V5"
"1",1,1.43149000136826e-197,1.43147657756975e-197,1.43147657756975e-197,2.86327251983678e-196
"2",1.43149000136826e-197,1,1.43146986571764e-197,1.4750759755152e-197,2.86325918388947e-196
"3",1.43147657756975e-197,1.43146986571764e-197,1,4.33175658065842e-87,5.04095229853175e-192
"4",1.43147657756975e-197,1.4750759755152e-197,4.33175658065842e-87,1,4.81873050663774e-173
"5",2.86327251983678e-196,2.86325918388947e-196,5.04095229853175e-192,4.81873050663774e-173,1
"6",0,0,0,0,0
"7",6.1853733940298e-19,1,1,1,0.996666666666667
"8",-1,-9.25547254578459e-19,1,0.999966666666667,0.996666666666667
"9",-1,-1,-2.07100684980939e-18,-0.659647222222222,-0.985711111111111
"10",-1,-0.999966666666667,0.659647222222222,-1.22460635382238e-18,-0.935169444444444
"11",-0.996666666666667,-0.996666666666667,0.985711111111111,0.935169444444444,5.49148400363908e-19
