"","V1","V2","V3","V4"
"1",1,2.93923102459891e-42,3.1913021487123e-34,1.01520552996836e-44
"2",2.93923102459891e-42,1,0.0214681223713847,0.109337894085275
"3",3.1913021487123e-34,0.0214681223713847,1,6.16099616151132e-05
"4",1.01520552996836e-44,0.109337894085275,6.16099616151132e-05,1
"5",0,0,0,0
"6",-1.62969139051727e-18,0.8807421875,0.7886328125,0.907109375
"7",-0.8807421875,-1.22311557583521e-18,-0.1487109375,0.1035546875
"8",-0.7886328125,0.1487109375,1.3003649806248e-18,0.2590625
"9",-0.907109375,-0.1035546875,-0.2590625,2.03423432612593e-18
