"","V1","V2","V3","V4"
"1",1,8.23122958788551e-94,2.56618251246997e-94,1.20086385039129e-94
"2",8.23122958788551e-94,1,2.21607110894242e-38,0.164041732250188
"3",2.56618251246997e-94,2.21607110894242e-38,1,4.16905932435914e-40
"4",1.20086385039129e-94,0.164041732250188,4.16905932435914e-40,1
"5",0,0,0,0
"6",5.43185288415238e-19,-0.9694,-0.972066666666667,-0.9738
"7",0.9694,-9.11091225611986e-19,-0.6112,0.0656666666666667
"8",0.972066666666667,0.6112,0,0.625422222222222
"9",0.9738,-0.0656666666666667,-0.625422222222222,2.31296463463574e-20
