"","V1","V2","V3","V4"
"1",1,0.000405610780069949,0.091266975538241,0.0278658864749945
"2",0.000405610780069949,1,0.0918378838052595,0.21600978427789
"3",0.091266975538241,0.0918378838052595,1,0.653326304608963
"4",0.0278658864749945,0.21600978427789,0.653326304608963,1
"5",0,0,0,0
"6",-1.53432677442907e-17,0.156588888888889,0.0750888888888889,0.0974777777777778
"7",-0.156588888888889,-2.04729896230438e-17,-0.0752111111111111,-0.0550111111111111
"8",-0.0750888888888889,0.0752111111111111,-1.58672987943254e-17,0.0200777777777778
"9",-0.0974777777777778,0.0550111111111111,-0.0200777777777778,5.48642439350081e-18
