"","V1","V2","V3","V4"
"1",1,2.09190715943423e-12,0.256192427686651,6.87599354044695e-06
"2",2.09190715943423e-12,1,1.07863432012666e-14,7.89891594833741e-23
"3",0.256192427686651,1.07863432012666e-14,1,0.00037518925102003
"4",6.87599354044695e-06,7.89891594833741e-23,0.00037518925102003,1
"5",0,0,0,0
"6",-1.123379225777e-18,0.527222653767389,-0.085234093637455,-0.337405550455476
"7",-0.527222653767389,7.02453676459096e-19,-0.579831932773109,-0.737801002754043
"8",0.085234093637455,0.579831932773109,0,-0.266859685050491
"9",0.337405550455476,0.737801002754043,0.266859685050491,0
