"","V1","V2","V3","V4","V5"
"1",1,7.25293138968165e-22,0.000109760262284095,9.81485171735032e-237,2.84134485832115e-241
"2",7.25293138968165e-22,1,2.17055676268027e-26,1.2912438939654e-148,1.22690755555526e-163
"3",0.000109760262284095,2.17055676268027e-26,1,1.49845090853491e-165,5.03076016001989e-167
"4",9.81485171735032e-237,1.2912438939654e-148,1.49845090853491e-165,1,1.72713687022873e-31
"5",2.84134485832115e-241,1.22690755555526e-163,5.03076016001989e-167,1.72713687022873e-31,1
"6",0,0,0,0,0
"7",-2.57706516383093e-19,-0.241672898860399,0.11038665038665,-0.743305424733996,-0.750460491889063
"8",0.241672898860399,-4.87778039892176e-19,0.314765211640212,-0.622150651927438,-0.653253259637188
"9",-0.11038665038665,-0.314765211640212,1.27677712978888e-18,-0.754090271029047,-0.757481913400281
"10",0.743305424733996,0.622150651927438,0.754090271029047,-1.34920478512091e-18,-0.248654727197001
"11",0.750460491889063,0.653253259637188,0.757481913400281,0.248654727197001,4.45112932717688e-19
