"","V1","V2","V3","V4","V5"
"1",1,7.08757443731187e-61,2.08712440880209e-42,9.57825549364279e-47,2.6974788329024e-138
"2",7.08757443731187e-61,1,4.66477581823307e-18,4.2623850149118e-56,1.73219210402301e-276
"3",2.08712440880209e-42,4.66477581823307e-18,1,7.2782498904523e-43,6.23801803556882e-107
"4",9.57825549364279e-47,4.2623850149118e-56,7.2782498904523e-43,1,8.21588943053655e-54
"5",2.6974788329024e-138,1.73219210402301e-276,6.23801803556882e-107,8.21588943053655e-54,1
"6",0,0,0,0,0
"7",2.31296463463574e-20,0.620441358024691,0.709650793650794,-0.997555555555556,-1
"8",-0.620441358024691,4.88392923068702e-19,0.377283950617284,-1,-1
"9",-0.709650793650794,-0.377283950617284,0,-1,-1
"10",0.997555555555556,1,1,0,-1
"11",1,1,1,1,3.88112951599883e-20
