"","V1","V2","V3","V4","V5"
"1",1,3.04720541413641e-113,4.64635005865728e-140,1.29116773251556e-121,2.16885059243769e-132
"2",3.04720541413641e-113,1,1.08970342888508e-142,3.94417452831872e-80,9.98632322345302e-107
"3",4.64635005865728e-140,1.08970342888508e-142,1,1.41274819371455e-37,9.89141101476174e-11
"4",1.29116773251556e-121,3.94417452831872e-80,1.41274819371455e-37,1,2.50115641082216e-10
"5",2.16885059243769e-132,9.98632322345302e-107,9.89141101476174e-11,2.50115641082216e-10,1
"6",0,0,0,0,0
"7",8.49504290441583e-19,0.680956625074272,0.772049606167253,0.697852668845316,0.747442810457516
"8",-0.680956625074272,1.35484203296579e-18,0.589717042217042,0.417109638047138,0.50542297979798
"9",-0.772049606167253,-0.589717042217042,-3.22573313027525e-19,-0.291186490978158,-0.153473646723647
"10",-0.697852668845316,-0.417109638047138,0.291186490978158,-5.85770340412307e-20,0.142805555555556
"11",-0.747442810457516,-0.50542297979798,0.153473646723647,-0.142805555555556,-4.32777367183797e-20
