"","V1","V2","V3","V4","V5"
"1",1,1.06476125910186e-07,1.16215234874532e-22,1.97435205821165e-92,1.29103364752238e-262
"2",1.06476125910186e-07,1,2.78221599872333e-55,1.1317080314803e-231,0
"3",1.16215234874532e-22,2.78221599872333e-55,1,1.30220264161539e-09,1.12680765335764e-235
"4",1.97435205821165e-92,1.1317080314803e-231,1.30220264161539e-09,1,0
"5",1.29103364752238e-262,0,1.12680765335764e-235,0,1
"6",0,0,0,0,0
"7",4.11996825544492e-19,0.155538439594922,-0.350566520467836,-0.579433918128655,-0.983707602339181
"8",-0.155538439594922,4.82161453942741e-20,-0.486764905149052,-0.721873170731707,-0.997511653116531
"9",0.350566520467836,0.486764905149052,1.28681245346873e-18,-0.183738888888889,-0.992722222222222
"10",0.579433918128655,0.721873170731707,0.183738888888889,-5.36680075380325e-19,-0.999920444444444
"11",0.983707602339181,0.997511653116531,0.992722222222222,0.999920444444444,-4.07732296999382e-19
